Grading at Sun Jul 19 07:36:50 UTC 2020
Attempting to compile retirement.c
Checking for struct _retire_info
Found on line 4, column 1 
Checking for field int months
Found on line 5, column 3 
Checking for field double contribution
Found on line 6, column 3 
Checking for field double rate_of_return
Found on line 7, column 3 
Checking for typedef of struct _retire_info to retire_info
Found on line 10, column 1 
Checking for void retirement (int startAge, double initial,  retire_info working,  retire_info retired)
Found on line 33, column 1 
Checking for int main(void)
Found on line 56, column 1 
Trying to run retirement calculator..
Your file matched the expected output
Removing your main() and replacing it with our own to run more tests...
                |         Working              |        Retired         
 Age | Initial  | Saving  |   Rate    | Months | Spending |   Rate    | Months | Result
 240 |     0.00 | 1234.00 | 0.0026700 |   597  | -3567.00 | 0.0002200 |   208  | Correct
 240 |     0.00 | 1234.00 | 0.0026700 |   597  | -3567.00 | 0.0002200 |   380  | Correct
 240 |     0.00 | 1234.00 | 0.0026700 |   597  | -3567.00 | 0.0046500 |   217  | Correct
 240 |     0.00 | 1234.00 | 0.0026700 |   597  | -3567.00 | 0.0046500 |   408  | Correct
 240 |     0.00 | 1234.00 | 0.0026700 |   597  | -6534.00 | 0.0003100 |   227  | Correct
 240 |     0.00 | 1234.00 | 0.0026700 |   597  | -6534.00 | 0.0003100 |   382  | Correct
 240 |     0.00 | 1234.00 | 0.0026700 |   597  | -6534.00 | 0.0040900 |   227  | Correct
 240 |     0.00 | 1234.00 | 0.0026700 |   597  | -6534.00 | 0.0040900 |   394  | Correct
 240 |     0.00 | 1234.00 | 0.0026700 |   590  | -3567.00 | 0.0008300 |   223  | Correct
 240 |     0.00 | 1234.00 | 0.0026700 |   590  | -3567.00 | 0.0008300 |   397  | Correct
 240 |     0.00 | 1234.00 | 0.0026700 |   590  | -3567.00 | 0.0042000 |   221  | Correct
 240 |     0.00 | 1234.00 | 0.0026700 |   590  | -3567.00 | 0.0042000 |   396  | Correct
 240 |     0.00 | 1234.00 | 0.0026700 |   590  | -6534.00 | 0.0005600 |   225  | Correct
 240 |     0.00 | 1234.00 | 0.0026700 |   590  | -6534.00 | 0.0005600 |   406  | Correct
 240 |     0.00 | 1234.00 | 0.0026700 |   590  | -6534.00 | 0.0044800 |   227  | Correct
 240 |     0.00 | 1234.00 | 0.0026700 |   590  | -6534.00 | 0.0044800 |   398  | Correct
 240 |     0.00 | 1234.00 | 0.0056700 |   597  | -3567.00 | 0.0001700 |   207  | Correct
 240 |     0.00 | 1234.00 | 0.0056700 |   597  | -3567.00 | 0.0001700 |   377  | Correct
 240 |     0.00 | 1234.00 | 0.0056700 |   597  | -3567.00 | 0.0043800 |   231  | Correct
 240 |     0.00 | 1234.00 | 0.0056700 |   597  | -3567.00 | 0.0043800 |   396  | Correct
 240 |     0.00 | 1234.00 | 0.0056700 |   597  | -6534.00 | 0.0001200 |   225  | Correct
 240 |     0.00 | 1234.00 | 0.0056700 |   597  | -6534.00 | 0.0001200 |   391  | Correct
 240 |     0.00 | 1234.00 | 0.0056700 |   597  | -6534.00 | 0.0043400 |   224  | Correct
 240 |     0.00 | 1234.00 | 0.0056700 |   597  | -6534.00 | 0.0043400 |   374  | Correct
 240 |     0.00 | 1234.00 | 0.0056700 |   588  | -3567.00 | 0.0000600 |   211  | Correct
 240 |     0.00 | 1234.00 | 0.0056700 |   588  | -3567.00 | 0.0000600 |   404  | Correct
 240 |     0.00 | 1234.00 | 0.0056700 |   588  | -3567.00 | 0.0046900 |   226  | Correct
 240 |     0.00 | 1234.00 | 0.0056700 |   588  | -3567.00 | 0.0046900 |   396  | Correct
 240 |     0.00 | 1234.00 | 0.0056700 |   588  | -6534.00 | 0.0008900 |   227  | Correct
 240 |     0.00 | 1234.00 | 0.0056700 |   588  | -6534.00 | 0.0008900 |   399  | Correct
 240 |     0.00 | 1234.00 | 0.0056700 |   588  | -6534.00 | 0.0041300 |   226  | Correct
 240 |     0.00 | 1234.00 | 0.0056700 |   588  | -6534.00 | 0.0041300 |   406  | Correct
 240 |     0.00 | 2634.00 | 0.0026700 |   597  | -3567.00 | 0.0004000 |   226  | Correct
 240 |     0.00 | 2634.00 | 0.0026700 |   597  | -3567.00 | 0.0004000 |   386  | Correct
 240 |     0.00 | 2634.00 | 0.0026700 |   597  | -3567.00 | 0.0041000 |   222  | Correct
 240 |     0.00 | 2634.00 | 0.0026700 |   597  | -3567.00 | 0.0041000 |   405  | Correct
 240 |     0.00 | 2634.00 | 0.0026700 |   597  | -6534.00 | 0.0004700 |   211  | Correct
 240 |     0.00 | 2634.00 | 0.0026700 |   597  | -6534.00 | 0.0004700 |   374  | Correct
 240 |     0.00 | 2634.00 | 0.0026700 |   597  | -6534.00 | 0.0049300 |   210  | Correct
 240 |     0.00 | 2634.00 | 0.0026700 |   597  | -6534.00 | 0.0049300 |   381  | Correct
 240 |     0.00 | 2634.00 | 0.0026700 |   586  | -3567.00 | 0.0000900 |   204  | Correct
 240 |     0.00 | 2634.00 | 0.0026700 |   586  | -3567.00 | 0.0000900 |   372  | Correct
 240 |     0.00 | 2634.00 | 0.0026700 |   586  | -3567.00 | 0.0045100 |   222  | Correct
 240 |     0.00 | 2634.00 | 0.0026700 |   586  | -3567.00 | 0.0045100 |   388  | Correct
 240 |     0.00 | 2634.00 | 0.0026700 |   586  | -6534.00 | 0.0003900 |   230  | Correct
 240 |     0.00 | 2634.00 | 0.0026700 |   586  | -6534.00 | 0.0003900 |   391  | Correct
 240 |     0.00 | 2634.00 | 0.0026700 |   586  | -6534.00 | 0.0043900 |   219  | Correct
 240 |     0.00 | 2634.00 | 0.0026700 |   586  | -6534.00 | 0.0043900 |   405  | Correct
 240 |     0.00 | 2634.00 | 0.0056700 |   597  | -3567.00 | 0.0009900 |   228  | Correct
 240 |     0.00 | 2634.00 | 0.0056700 |   597  | -3567.00 | 0.0009900 |   372  | Correct
 240 |     0.00 | 2634.00 | 0.0056700 |   597  | -3567.00 | 0.0041000 |   214  | Correct
 240 |     0.00 | 2634.00 | 0.0056700 |   597  | -3567.00 | 0.0041000 |   408  | Correct
 240 |     0.00 | 2634.00 | 0.0056700 |   597  | -6534.00 | 0.0000600 |   227  | Correct
 240 |     0.00 | 2634.00 | 0.0056700 |   597  | -6534.00 | 0.0000600 |   373  | Correct
 240 |     0.00 | 2634.00 | 0.0056700 |   597  | -6534.00 | 0.0049200 |   209  | Correct
 240 |     0.00 | 2634.00 | 0.0056700 |   597  | -6534.00 | 0.0049200 |   384  | Correct
 240 |     0.00 | 2634.00 | 0.0056700 |   612  | -3567.00 | 0.0003800 |   228  | Correct
 240 |     0.00 | 2634.00 | 0.0056700 |   612  | -3567.00 | 0.0003800 |   370  | Correct
 240 |     0.00 | 2634.00 | 0.0056700 |   612  | -3567.00 | 0.0044600 |   214  | Correct
 240 |     0.00 | 2634.00 | 0.0056700 |   612  | -3567.00 | 0.0044600 |   380  | Correct
 240 |     0.00 | 2634.00 | 0.0056700 |   612  | -6534.00 | 0.0005500 |   213  | Correct
 240 |     0.00 | 2634.00 | 0.0056700 |   612  | -6534.00 | 0.0005500 |   407  | Correct
 240 |     0.00 | 2634.00 | 0.0056700 |   612  | -6534.00 | 0.0048700 |   213  | Correct
 240 |     0.00 | 2634.00 | 0.0056700 |   612  | -6534.00 | 0.0048700 |   408  | Correct
 240 | 11175.15 | 1234.00 | 0.0026700 |   597  | -3567.00 | 0.0008200 |   205  | Correct
 240 | 11175.15 | 1234.00 | 0.0026700 |   597  | -3567.00 | 0.0008200 |   397  | Correct
 240 | 11175.15 | 1234.00 | 0.0026700 |   597  | -3567.00 | 0.0046700 |   222  | Correct
 240 | 11175.15 | 1234.00 | 0.0026700 |   597  | -3567.00 | 0.0046700 |   383  | Correct
 240 | 11175.15 | 1234.00 | 0.0026700 |   597  | -6534.00 | 0.0004300 |   221  | Correct
 240 | 11175.15 | 1234.00 | 0.0026700 |   597  | -6534.00 | 0.0004300 |   404  | Correct
 240 | 11175.15 | 1234.00 | 0.0026700 |   597  | -6534.00 | 0.0042800 |   233  | Correct
 240 | 11175.15 | 1234.00 | 0.0026700 |   597  | -6534.00 | 0.0042800 |   405  | Correct
 240 | 11175.15 | 1234.00 | 0.0026700 |   603  | -3567.00 | 0.0009700 |   226  | Correct
 240 | 11175.15 | 1234.00 | 0.0026700 |   603  | -3567.00 | 0.0009700 |   371  | Correct
 240 | 11175.15 | 1234.00 | 0.0026700 |   603  | -3567.00 | 0.0040300 |   222  | Correct
 240 | 11175.15 | 1234.00 | 0.0026700 |   603  | -3567.00 | 0.0040300 |   384  | Correct
 240 | 11175.15 | 1234.00 | 0.0026700 |   603  | -6534.00 | 0.0001200 |   232  | Correct
 240 | 11175.15 | 1234.00 | 0.0026700 |   603  | -6534.00 | 0.0001200 |   407  | Correct
 240 | 11175.15 | 1234.00 | 0.0026700 |   603  | -6534.00 | 0.0044700 |   227  | Correct
 240 | 11175.15 | 1234.00 | 0.0026700 |   603  | -6534.00 | 0.0044700 |   390  | Correct
 240 | 11175.15 | 1234.00 | 0.0056700 |   597  | -3567.00 | 0.0001600 |   223  | Correct
 240 | 11175.15 | 1234.00 | 0.0056700 |   597  | -3567.00 | 0.0001600 |   407  | Correct
 240 | 11175.15 | 1234.00 | 0.0056700 |   597  | -3567.00 | 0.0046100 |   229  | Correct
 240 | 11175.15 | 1234.00 | 0.0056700 |   597  | -3567.00 | 0.0046100 |   386  | Correct
 240 | 11175.15 | 1234.00 | 0.0056700 |   597  | -6534.00 | 0.0006700 |   216  | Correct
 240 | 11175.15 | 1234.00 | 0.0056700 |   597  | -6534.00 | 0.0006700 |   403  | Correct
 240 | 11175.15 | 1234.00 | 0.0056700 |   597  | -6534.00 | 0.0044400 |   226  | Correct
 240 | 11175.15 | 1234.00 | 0.0056700 |   597  | -6534.00 | 0.0044400 |   402  | Correct
 240 | 11175.15 | 1234.00 | 0.0056700 |   595  | -3567.00 | 0.0009800 |   209  | Correct
 240 | 11175.15 | 1234.00 | 0.0056700 |   595  | -3567.00 | 0.0009800 |   390  | Correct
 240 | 11175.15 | 1234.00 | 0.0056700 |   595  | -3567.00 | 0.0041900 |   207  | Correct
 240 | 11175.15 | 1234.00 | 0.0056700 |   595  | -3567.00 | 0.0041900 |   391  | Correct
 240 | 11175.15 | 1234.00 | 0.0056700 |   595  | -6534.00 | 0.0003000 |   221  | Correct
 240 | 11175.15 | 1234.00 | 0.0056700 |   595  | -6534.00 | 0.0003000 |   374  | Correct
 240 | 11175.15 | 1234.00 | 0.0056700 |   595  | -6534.00 | 0.0040500 |   221  | Correct
 240 | 11175.15 | 1234.00 | 0.0056700 |   595  | -6534.00 | 0.0040500 |   405  | Correct
 240 | 11175.15 | 2987.00 | 0.0026700 |   597  | -3567.00 | 0.0002600 |   204  | Correct
 240 | 11175.15 | 2987.00 | 0.0026700 |   597  | -3567.00 | 0.0002600 |   395  | Correct
 240 | 11175.15 | 2987.00 | 0.0026700 |   597  | -3567.00 | 0.0041300 |   213  | Correct
 240 | 11175.15 | 2987.00 | 0.0026700 |   597  | -3567.00 | 0.0041300 |   396  | Correct
 240 | 11175.15 | 2987.00 | 0.0026700 |   597  | -6534.00 | 0.0001400 |   208  | Correct
 240 | 11175.15 | 2987.00 | 0.0026700 |   597  | -6534.00 | 0.0001400 |   371  | Correct
 240 | 11175.15 | 2987.00 | 0.0026700 |   597  | -6534.00 | 0.0041900 |   226  | Correct
 240 | 11175.15 | 2987.00 | 0.0026700 |   597  | -6534.00 | 0.0041900 |   404  | Correct
 240 | 11175.15 | 2987.00 | 0.0026700 |   612  | -3567.00 | 0.0001500 |   205  | Correct
 240 | 11175.15 | 2987.00 | 0.0026700 |   612  | -3567.00 | 0.0001500 |   398  | Correct
 240 | 11175.15 | 2987.00 | 0.0026700 |   612  | -3567.00 | 0.0041900 |   207  | Correct
 240 | 11175.15 | 2987.00 | 0.0026700 |   612  | -3567.00 | 0.0041900 |   389  | Correct
 240 | 11175.15 | 2987.00 | 0.0026700 |   612  | -6534.00 | 0.0004900 |   214  | Correct
 240 | 11175.15 | 2987.00 | 0.0026700 |   612  | -6534.00 | 0.0004900 |   396  | Correct
 240 | 11175.15 | 2987.00 | 0.0026700 |   612  | -6534.00 | 0.0046000 |   206  | Correct
 240 | 11175.15 | 2987.00 | 0.0026700 |   612  | -6534.00 | 0.0046000 |   398  | Correct
 240 | 11175.15 | 2987.00 | 0.0056700 |   597  | -3567.00 | 0.0003900 |   204  | Correct
 240 | 11175.15 | 2987.00 | 0.0056700 |   597  | -3567.00 | 0.0003900 |   376  | Correct
 240 | 11175.15 | 2987.00 | 0.0056700 |   597  | -3567.00 | 0.0042100 |   226  | Correct
 240 | 11175.15 | 2987.00 | 0.0056700 |   597  | -3567.00 | 0.0042100 |   388  | Correct
 240 | 11175.15 | 2987.00 | 0.0056700 |   597  | -6534.00 | 0.0003700 |   209  | Correct
 240 | 11175.15 | 2987.00 | 0.0056700 |   597  | -6534.00 | 0.0003700 |   399  | Correct
 240 | 11175.15 | 2987.00 | 0.0056700 |   597  | -6534.00 | 0.0049100 |   207  | Correct
 240 | 11175.15 | 2987.00 | 0.0056700 |   597  | -6534.00 | 0.0049100 |   404  | Correct
 240 | 11175.15 | 2987.00 | 0.0056700 |   605  | -3567.00 | 0.0006200 |   229  | Correct
 240 | 11175.15 | 2987.00 | 0.0056700 |   605  | -3567.00 | 0.0006200 |   378  | Correct
 240 | 11175.15 | 2987.00 | 0.0056700 |   605  | -3567.00 | 0.0041600 |   205  | Correct
 240 | 11175.15 | 2987.00 | 0.0056700 |   605  | -3567.00 | 0.0041600 |   395  | Correct
 240 | 11175.15 | 2987.00 | 0.0056700 |   605  | -6534.00 | 0.0000300 |   221  | Correct
 240 | 11175.15 | 2987.00 | 0.0056700 |   605  | -6534.00 | 0.0000300 |   377  | Correct
 240 | 11175.15 | 2987.00 | 0.0056700 |   605  | -6534.00 | 0.0042700 |   226  | Correct
 240 | 11175.15 | 2987.00 | 0.0056700 |   605  | -6534.00 | 0.0042700 |   384  | Correct
 345 |     0.00 | 1234.00 | 0.0026700 |   597  | -3567.00 | 0.0005200 |   226  | Correct
 345 |     0.00 | 1234.00 | 0.0026700 |   597  | -3567.00 | 0.0005200 |   373  | Correct
 345 |     0.00 | 1234.00 | 0.0026700 |   597  | -3567.00 | 0.0049200 |   206  | Correct
 345 |     0.00 | 1234.00 | 0.0026700 |   597  | -3567.00 | 0.0049200 |   394  | Correct
 345 |     0.00 | 1234.00 | 0.0026700 |   597  | -6534.00 | 0.0000800 |   228  | Correct
 345 |     0.00 | 1234.00 | 0.0026700 |   597  | -6534.00 | 0.0000800 |   396  | Correct
 345 |     0.00 | 1234.00 | 0.0026700 |   597  | -6534.00 | 0.0044400 |   217  | Correct
 345 |     0.00 | 1234.00 | 0.0026700 |   597  | -6534.00 | 0.0044400 |   390  | Correct
 345 |     0.00 | 1234.00 | 0.0026700 |   609  | -3567.00 | 0.0001000 |   208  | Correct
 345 |     0.00 | 1234.00 | 0.0026700 |   609  | -3567.00 | 0.0001000 |   397  | Correct
 345 |     0.00 | 1234.00 | 0.0026700 |   609  | -3567.00 | 0.0040800 |   230  | Correct
 345 |     0.00 | 1234.00 | 0.0026700 |   609  | -3567.00 | 0.0040800 |   393  | Correct
 345 |     0.00 | 1234.00 | 0.0026700 |   609  | -6534.00 | 0.0003500 |   204  | Correct
 345 |     0.00 | 1234.00 | 0.0026700 |   609  | -6534.00 | 0.0003500 |   377  | Correct
 345 |     0.00 | 1234.00 | 0.0026700 |   609  | -6534.00 | 0.0040700 |   221  | Correct
 345 |     0.00 | 1234.00 | 0.0026700 |   609  | -6534.00 | 0.0040700 |   400  | Correct
 345 |     0.00 | 1234.00 | 0.0056700 |   597  | -3567.00 | 0.0001100 |   222  | Correct
 345 |     0.00 | 1234.00 | 0.0056700 |   597  | -3567.00 | 0.0001100 |   408  | Correct
 345 |     0.00 | 1234.00 | 0.0056700 |   597  | -3567.00 | 0.0043300 |   225  | Correct
 345 |     0.00 | 1234.00 | 0.0056700 |   597  | -3567.00 | 0.0043300 |   395  | Correct
 345 |     0.00 | 1234.00 | 0.0056700 |   597  | -6534.00 | 0.0000600 |   218  | Correct
 345 |     0.00 | 1234.00 | 0.0056700 |   597  | -6534.00 | 0.0000600 |   398  | Correct
 345 |     0.00 | 1234.00 | 0.0056700 |   597  | -6534.00 | 0.0045300 |   222  | Correct
 345 |     0.00 | 1234.00 | 0.0056700 |   597  | -6534.00 | 0.0045300 |   400  | Correct
 345 |     0.00 | 1234.00 | 0.0056700 |   603  | -3567.00 | 0.0008000 |   204  | Correct
 345 |     0.00 | 1234.00 | 0.0056700 |   603  | -3567.00 | 0.0008000 |   395  | Correct
 345 |     0.00 | 1234.00 | 0.0056700 |   603  | -3567.00 | 0.0043800 |   210  | Correct
 345 |     0.00 | 1234.00 | 0.0056700 |   603  | -3567.00 | 0.0043800 |   397  | Correct
 345 |     0.00 | 1234.00 | 0.0056700 |   603  | -6534.00 | 0.0008600 |   223  | Correct
 345 |     0.00 | 1234.00 | 0.0056700 |   603  | -6534.00 | 0.0008600 |   409  | Correct
 345 |     0.00 | 1234.00 | 0.0056700 |   603  | -6534.00 | 0.0049800 |   227  | Correct
 345 |     0.00 | 1234.00 | 0.0056700 |   603  | -6534.00 | 0.0049800 |   395  | Correct
 345 |     0.00 | 2420.00 | 0.0026700 |   597  | -3567.00 | 0.0008400 |   231  | Correct
 345 |     0.00 | 2420.00 | 0.0026700 |   597  | -3567.00 | 0.0008400 |   387  | Correct
 345 |     0.00 | 2420.00 | 0.0026700 |   597  | -3567.00 | 0.0048100 |   207  | Correct
 345 |     0.00 | 2420.00 | 0.0026700 |   597  | -3567.00 | 0.0048100 |   379  | Correct
 345 |     0.00 | 2420.00 | 0.0026700 |   597  | -6534.00 | 0.0007900 |   209  | Correct
 345 |     0.00 | 2420.00 | 0.0026700 |   597  | -6534.00 | 0.0007900 |   382  | Correct
 345 |     0.00 | 2420.00 | 0.0026700 |   597  | -6534.00 | 0.0044300 |   227  | Correct
 345 |     0.00 | 2420.00 | 0.0026700 |   597  | -6534.00 | 0.0044300 |   374  | Correct
 345 |     0.00 | 2420.00 | 0.0026700 |   611  | -3567.00 | 0.0005500 |   232  | Correct
 345 |     0.00 | 2420.00 | 0.0026700 |   611  | -3567.00 | 0.0005500 |   371  | Correct
 345 |     0.00 | 2420.00 | 0.0026700 |   611  | -3567.00 | 0.0045500 |   218  | Correct
 345 |     0.00 | 2420.00 | 0.0026700 |   611  | -3567.00 | 0.0045500 |   408  | Correct
 345 |     0.00 | 2420.00 | 0.0026700 |   611  | -6534.00 | 0.0007800 |   216  | Correct
 345 |     0.00 | 2420.00 | 0.0026700 |   611  | -6534.00 | 0.0007800 |   387  | Correct
 345 |     0.00 | 2420.00 | 0.0026700 |   611  | -6534.00 | 0.0042300 |   205  | Correct
 345 |     0.00 | 2420.00 | 0.0026700 |   611  | -6534.00 | 0.0042300 |   377  | Correct
 345 |     0.00 | 2420.00 | 0.0056700 |   597  | -3567.00 | 0.0009300 |   226  | Correct
 345 |     0.00 | 2420.00 | 0.0056700 |   597  | -3567.00 | 0.0009300 |   399  | Correct
 345 |     0.00 | 2420.00 | 0.0056700 |   597  | -3567.00 | 0.0042700 |   206  | Correct
 345 |     0.00 | 2420.00 | 0.0056700 |   597  | -3567.00 | 0.0042700 |   388  | Correct
 345 |     0.00 | 2420.00 | 0.0056700 |   597  | -6534.00 | 0.0006800 |   214  | Correct
 345 |     0.00 | 2420.00 | 0.0056700 |   597  | -6534.00 | 0.0006800 |   398  | Correct
 345 |     0.00 | 2420.00 | 0.0056700 |   597  | -6534.00 | 0.0042400 |   215  | Correct
 345 |     0.00 | 2420.00 | 0.0056700 |   597  | -6534.00 | 0.0042400 |   373  | Correct
 345 |     0.00 | 2420.00 | 0.0056700 |   602  | -3567.00 | 0.0004900 |   230  | Correct
 345 |     0.00 | 2420.00 | 0.0056700 |   602  | -3567.00 | 0.0004900 |   398  | Correct
 345 |     0.00 | 2420.00 | 0.0056700 |   602  | -3567.00 | 0.0045100 |   221  | Correct
 345 |     0.00 | 2420.00 | 0.0056700 |   602  | -3567.00 | 0.0045100 |   405  | Correct
 345 |     0.00 | 2420.00 | 0.0056700 |   602  | -6534.00 | 0.0007500 |   223  | Correct
 345 |     0.00 | 2420.00 | 0.0056700 |   602  | -6534.00 | 0.0007500 |   370  | Correct
 345 |     0.00 | 2420.00 | 0.0056700 |   602  | -6534.00 | 0.0046600 |   214  | Correct
 345 |     0.00 | 2420.00 | 0.0056700 |   602  | -6534.00 | 0.0046600 |   406  | Correct
 345 | 15485.97 | 1234.00 | 0.0026700 |   597  | -3567.00 | 0.0007300 |   213  | Correct
 345 | 15485.97 | 1234.00 | 0.0026700 |   597  | -3567.00 | 0.0007300 |   408  | Correct
 345 | 15485.97 | 1234.00 | 0.0026700 |   597  | -3567.00 | 0.0045100 |   228  | Correct
 345 | 15485.97 | 1234.00 | 0.0026700 |   597  | -3567.00 | 0.0045100 |   374  | Correct
 345 | 15485.97 | 1234.00 | 0.0026700 |   597  | -6534.00 | 0.0002800 |   211  | Correct
 345 | 15485.97 | 1234.00 | 0.0026700 |   597  | -6534.00 | 0.0002800 |   404  | Correct
 345 | 15485.97 | 1234.00 | 0.0026700 |   597  | -6534.00 | 0.0049100 |   222  | Correct
 345 | 15485.97 | 1234.00 | 0.0026700 |   597  | -6534.00 | 0.0049100 |   374  | Correct
 345 | 15485.97 | 1234.00 | 0.0026700 |   600  | -3567.00 | 0.0009700 |   227  | Correct
 345 | 15485.97 | 1234.00 | 0.0026700 |   600  | -3567.00 | 0.0009700 |   396  | Correct
 345 | 15485.97 | 1234.00 | 0.0026700 |   600  | -3567.00 | 0.0045000 |   217  | Correct
 345 | 15485.97 | 1234.00 | 0.0026700 |   600  | -3567.00 | 0.0045000 |   387  | Correct
 345 | 15485.97 | 1234.00 | 0.0026700 |   600  | -6534.00 | 0.0000600 |   231  | Correct
 345 | 15485.97 | 1234.00 | 0.0026700 |   600  | -6534.00 | 0.0000600 |   372  | Correct
 345 | 15485.97 | 1234.00 | 0.0026700 |   600  | -6534.00 | 0.0047400 |   220  | Correct
 345 | 15485.97 | 1234.00 | 0.0026700 |   600  | -6534.00 | 0.0047400 |   387  | Correct
 345 | 15485.97 | 1234.00 | 0.0056700 |   597  | -3567.00 | 0.0007500 |   231  | Correct
 345 | 15485.97 | 1234.00 | 0.0056700 |   597  | -3567.00 | 0.0007500 |   387  | Correct
 345 | 15485.97 | 1234.00 | 0.0056700 |   597  | -3567.00 | 0.0045300 |   225  | Correct
 345 | 15485.97 | 1234.00 | 0.0056700 |   597  | -3567.00 | 0.0045300 |   401  | Correct
 345 | 15485.97 | 1234.00 | 0.0056700 |   597  | -6534.00 | 0.0003500 |   231  | Correct
 345 | 15485.97 | 1234.00 | 0.0056700 |   597  | -6534.00 | 0.0003500 |   380  | Correct
 345 | 15485.97 | 1234.00 | 0.0056700 |   597  | -6534.00 | 0.0046600 |   221  | Correct
 345 | 15485.97 | 1234.00 | 0.0056700 |   597  | -6534.00 | 0.0046600 |   374  | Correct
 345 | 15485.97 | 1234.00 | 0.0056700 |   588  | -3567.00 | 0.0000100 |   221  | Correct
 345 | 15485.97 | 1234.00 | 0.0056700 |   588  | -3567.00 | 0.0000100 |   370  | Correct
 345 | 15485.97 | 1234.00 | 0.0056700 |   588  | -3567.00 | 0.0043100 |   216  | Correct
 345 | 15485.97 | 1234.00 | 0.0056700 |   588  | -3567.00 | 0.0043100 |   386  | Correct
 345 | 15485.97 | 1234.00 | 0.0056700 |   588  | -6534.00 | 0.0002000 |   221  | Correct
 345 | 15485.97 | 1234.00 | 0.0056700 |   588  | -6534.00 | 0.0002000 |   392  | Correct
 345 | 15485.97 | 1234.00 | 0.0056700 |   588  | -6534.00 | 0.0048600 |   224  | Correct
 345 | 15485.97 | 1234.00 | 0.0056700 |   588  | -6534.00 | 0.0048600 |   406  | Correct
 345 | 15485.97 | 3285.00 | 0.0026700 |   597  | -3567.00 | 0.0007500 |   223  | Correct
 345 | 15485.97 | 3285.00 | 0.0026700 |   597  | -3567.00 | 0.0007500 |   403  | Correct
 345 | 15485.97 | 3285.00 | 0.0026700 |   597  | -3567.00 | 0.0047200 |   207  | Correct
 345 | 15485.97 | 3285.00 | 0.0026700 |   597  | -3567.00 | 0.0047200 |   379  | Correct
 345 | 15485.97 | 3285.00 | 0.0026700 |   597  | -6534.00 | 0.0001600 |   211  | Correct
 345 | 15485.97 | 3285.00 | 0.0026700 |   597  | -6534.00 | 0.0001600 |   395  | Correct
 345 | 15485.97 | 3285.00 | 0.0026700 |   597  | -6534.00 | 0.0047800 |   208  | Correct
 345 | 15485.97 | 3285.00 | 0.0026700 |   597  | -6534.00 | 0.0047800 |   382  | Correct
 345 | 15485.97 | 3285.00 | 0.0026700 |   599  | -3567.00 | 0.0008700 |   229  | Correct
 345 | 15485.97 | 3285.00 | 0.0026700 |   599  | -3567.00 | 0.0008700 |   402  | Correct
 345 | 15485.97 | 3285.00 | 0.0026700 |   599  | -3567.00 | 0.0042400 |   223  | Correct
 345 | 15485.97 | 3285.00 | 0.0026700 |   599  | -3567.00 | 0.0042400 |   384  | Correct
 345 | 15485.97 | 3285.00 | 0.0026700 |   599  | -6534.00 | 0.0005600 |   224  | Correct
 345 | 15485.97 | 3285.00 | 0.0026700 |   599  | -6534.00 | 0.0005600 |   403  | Correct
 345 | 15485.97 | 3285.00 | 0.0026700 |   599  | -6534.00 | 0.0048500 |   206  | Correct
 345 | 15485.97 | 3285.00 | 0.0026700 |   599  | -6534.00 | 0.0048500 |   404  | Correct
 345 | 15485.97 | 3285.00 | 0.0056700 |   597  | -3567.00 | 0.0001700 |   209  | Correct
 345 | 15485.97 | 3285.00 | 0.0056700 |   597  | -3567.00 | 0.0001700 |   375  | Correct
 345 | 15485.97 | 3285.00 | 0.0056700 |   597  | -3567.00 | 0.0046600 |   227  | Correct
 345 | 15485.97 | 3285.00 | 0.0056700 |   597  | -3567.00 | 0.0046600 |   383  | Correct
 345 | 15485.97 | 3285.00 | 0.0056700 |   597  | -6534.00 | 0.0000700 |   216  | Correct
 345 | 15485.97 | 3285.00 | 0.0056700 |   597  | -6534.00 | 0.0000700 |   378  | Correct
 345 | 15485.97 | 3285.00 | 0.0056700 |   597  | -6534.00 | 0.0048300 |   213  | Correct
 345 | 15485.97 | 3285.00 | 0.0056700 |   597  | -6534.00 | 0.0048300 |   398  | Correct
 345 | 15485.97 | 3285.00 | 0.0056700 |   609  | -3567.00 | 0.0005600 |   206  | Correct
 345 | 15485.97 | 3285.00 | 0.0056700 |   609  | -3567.00 | 0.0005600 |   392  | Correct
 345 | 15485.97 | 3285.00 | 0.0056700 |   609  | -3567.00 | 0.0046300 |   218  | Correct
 345 | 15485.97 | 3285.00 | 0.0056700 |   609  | -3567.00 | 0.0046300 |   387  | Correct
 345 | 15485.97 | 3285.00 | 0.0056700 |   609  | -6534.00 | 0.0009600 |   218  | Correct
 345 | 15485.97 | 3285.00 | 0.0056700 |   609  | -6534.00 | 0.0009600 |   387  | Correct
 345 | 15485.97 | 3285.00 | 0.0056700 |   609  | -6534.00 | 0.0044600 |   216  | Correct
 345 | 15485.97 | 3285.00 | 0.0056700 |   609  | -6534.00 | 0.0044600 |   395  | Correct

Overall Grade: A
